examples/Basic/Geospatial/GeoVrmlSiteExamples/MBNMSterrain/2000m/Grids/n364500_w1221500_n1500_e1500_0500_latlon_seabeam.grd
DSAA
51 51
121.998 122.247
36.7535 37.0031
-1342.81 2.55277                
[rows 0 to 34 of 51, columns 0 to 50 of 51]
-740.017 -829.052 -882.789 -934.624 -961.306 -1055.46 -1185.09 -1191.7 -1061.22 -913.511 -755.198 -597.566 -576.897 -644.261 -737.042 -825.259 -946.502 -1063.95 -1171.19 -1249.79 -1337.45 -1342.81 -1316.71 -1262.67 -1282.02 -1279.43 -1278.51 -1292.09 -1294.98 -1261.63 -1174.28 -1047.39 -958.693 -871.029 -822.978 -831.747 -750.669 -750.644 -771.846 -790.695 -805.583 -815.44 -820.135 -810.902 -802.908 -798.912 -794.92 -796.973 -805.97 -818.702 -833.241
-682.848 -736.7 -776.899 -807.994 -874.459 -968.302 -1080.31 -1168.6 -1120.17 -964.904 -769.778 -620.859 -675.566 -746.589 -849.45 -960.313 -1063.49 -1102.38 -1121.58 -1220.36 -1280.9 -1244.9 -1163.96 -1172.31 -1212.76 -1221.07 -1245.24 -1251.45 -1252.42 -1232.08 -1218.01 -1171.37 -1092.22 -930.669 -823.158 -791.907 -741.911 -725.531 -727.608 -728.655 -728.363 -730.147 -731.329 -729.73 -732.907 -738.017 -743.362 -753.522 -765.224 -781.522 -798.193
-675.651 -693.942 -697.013 -736.028 -799.979 -887.958 -962.328 -1034.79 -1154.81 -1059.01 -793.106 -597.164 -677.226 -791.042 -892.611 -939.391 -951.757 -976.71 -1102.92 -1214.86 -1215.24 -1123.02 -1084.97 -1041.69 -1079.12 -1160.13 -1188.62 -1211.16 -1200.69 -1193.41 -1164.03 -1143.76 -1123.1 -971.549 -811.502 -733.552 -697.103 -684.702 -679.532 -673.724 -669.431 -666.794 -675.781 -680.713 -684.758 -693.988 -705.433 -718.034 -731.567 -749.194 -769.739
-637.152 -642.576 -657.103 -694.161 -748.473 -833.196 -874.685 -929.028 -1097.9 -1047.67 -722.652 -603.752 -682.758 -758.592 -803.904 -825.158 -884.37 -976.753 -1101.58 -1138.62 -1117.67 -1003.86 -939.836 -915.929 -947.045 -996.725 -1087.6 -1153.94 -1152.37 -1139.86 -1134.02 -1039.98 -1073.29 -1040.48 -902.382 -774.292 -687.51 -647.959 -634.283 -629.765 -626.766 -627.696 -632.712 -640.959 -651.45 -662.955 -676.522 -690.587 -706.316 -724.394 -743.75
-799.714 -730.806 -757.214 -807.102 -848.407 -880.133 -874.217 -945.07 -1101.17 -1016.5 -741.374 -533.631 -567.404 -637.404 -668.367 -711.044 -817.119 -980.714 -1056.96 -1024.19 -984.599 -936.851 -834.515 -772.688 -769.903 -824.832 -966.761 -1041.48 -1046.8 -1015.75 -1083.32 -993.194 -968.501 -1006.25 -955.764 -842.773 -725.538 -618.334 -591.769 -581.785 -583.492 -587.131 -597.189 -607.211 -618.782 -635.902 -652.533 -667.355 -684.664 -704.789 -725.373
-938.199 -940.659 -977.289 -968.682 -931.258 -924.546 -966.772 -1055.24 -1087.51 -920.451 -699.749 -502.582 -446.579 -537.726 -546.974 -689.358 -878.84 -977.021 -935.214 -860.128 -851.35 -846.791 -740.598 -668.948 -637.409 -679.968 -761.109 -811.737 -894.845 -906.549 -1004.19 -955.303 -869.687 -927.838 -929.779 -831.024 -724.232 -587.675 -548.556 -544.582 -546.233 -551.118 -560.773 -577.943 -591.831 -608.426 -628.632 -647.061 -665.584 -687.877 -708.905
-773.757 -895.727 -943.395 -959.628 -1008.85 -993.622 -1039.28 -1031.82 -925.386 -752.92 -581.199 -389.679 -343.811 -446.462 -539.881 -727.026 -870.033 -863.79 -817.431 -720.553 -702.576 -721.362 -600.379 -568.181 -524.611 -540.05 -552.664 -596.358 -703.632 -802.542 -892.325 -893.17 -781.68 -850.353 -888.959 -801.049 -701.029 -570.509 -514.781 -511.233 -516.148 -523.208 -534.2 -549.579 -569.249 -587.172 -605.72 -626.567 -650.476 -675.016 -697.711
-740.062 -815.673 -795.967 -764.85 -881.453 -932.412 -878.517 -764.394 -754.777 -593.628 -382.822 -258.489 -229.656 -304.655 -509.068 -678.547 -783.306 -760.799 -675.065 -621.538 -601.372 -543.102 -458.499 -451.644 -434.851 -435.24 -450.989 -478.521 -569.334 -680.631 -785.815 -809.268 -715.419 -776.159 -831.53 -738.018 -646.561 -541.06 -487.712 -486.407 -493.462 -500.893 -516.731 -532.378 -547.46 -566.43 -588.761 -613.234 -636.601 -664.469 -690.124
-700.912 -699.552 -640.124 -678.175 -682.159 -709.355 -706.986 -571.423 -591.988 -565.62 -390.633 -186.964 -165.431 -209.966 -383.77 -562.583 -665.572 -673.846 -552.78 -449.259 -413.634 -368.55 -352.395 -355.606 -357.146 -360.915 -371.341 -393.865 -449.353 -546.498 -675.53 -703.682 -632.532 -713.232 -764.386 -660.344 -574.458 -500.301 -466.006 -464.021 -474.729 -488.381 -501.066 -516.009 -534.99 -554.572 -575.477 -602.963 -629.872 -659.434 -687.465
-675.46 -554.194 -558.275 -620.789 -576.435 -584.024 -585.27 -550.854 -495.66 -427.962 -326.436 -139.233 -123.966 -155.366 -251.792 -400.994 -533.181 -581.352 -474.85 -323.775 -289.054 -265.55 -256.777 -262.19 -271.708 -283.665 -298.78 -317.76 -361.652 -437.976 -547.153 -572.195 -560.885 -665.078 -642.729 -573.292 -513.702 -461.835 -446.262 -451.77 -462.651 -474.998 -494.365 -513.957 -536.421 -558.813 -580.164 -601.678 -631.206 -662.301 -692.297
-580.534 -477.48 -532.63 -547.138 -493.551 -488.541 -487.765 -444.506 -356.154 -264.955 -145.32 -102.538 -105.507 -116.202 -148.113 -208.321 -340.243 -419.773 -364.34 -241.384 -180.669 -166.184 -164.876 -178.368 -196.385 -216.145 -238.592 -265.25 -309.243 -406.065 -475.134 -507.465 -550.197 -583.231 -513.73 -491.766 -456.689 -432.594 -432.495 -439.512 -453.545 -471.973 -498.521 -523.05 -550.008 -577.5 -604.251 -624.9 -651.106 -683.224 -712.65
-472.469 -414.184 -455.477 -452.46 -399.041 -364.769 -264.5 -199.276 -140.763 -111.42 -102.416 -97.3604 -98.8097 -102.43 -105.83 -114.053 -145.905 -247.831 -177.715 -154.062 -134.217 -134.829 -139.774 -143.352 -147.334 -158.353 -184.308 -228.989 -307.08 -361.256 -404.352 -459.696 -502.642 -504.818 -465.653 -442.966 -414.553 -417.599 -427.971 -442.533 -466.779 -496.868 -517.515 -544.888 -573.389 -605.722 -638.542 -668.58 -691.622 -716.882 -752.164
-487.675 -344.776 -329.888 -298.16 -226.099 -141.989 -106.544 -102.259 -99.0684 -98.718 -96.6896 -95.9866 -96.7625 -98.6228 -100.227 -102.304 -105.127 -118.714 -114.92 -117.093 -118.815 -121.877 -126.962 -132.007 -135.568 -141.688 -156.852 -209.365 -245.25 -255.982 -327.088 -402.701 -453.693 -464.562 -424.923 -393.449 -388.616 -429.25 -479.557 -541.69 -637.577 -679.182 -638.213 -611.805 -622.663 -648.919 -695.39 -755.554 -778.701 -801.861 -845.261
-460.158 -360.899 -204.107 -124.319 -99.4092 -93.7049 -94.135 -95.2898 -94.8828 -95.1458 -96.1101 -97.7456 -98.5588 -99.8988 -100.98 -102.042 -104.074 -109.299 -109.141 -109.832 -111.067 -112.399 -114.812 -118.622 -123.383 -131.51 -146.048 -157.201 -160.405 -183.657 -239.177 -316.188 -394.864 -418.26 -384.508 -364.364 -403.315 -490.131 -547.058 -687.009 -760.49 -778.61 -862.285 -843.665 -791.818 -752.107 -767.543 -823.398 -906.122 -965.4 -1026.58
-332.731 -198.709 -118.48 -98.6894 -93.6502 -90.4579 -91.9421 -92.8166 -92.9595 -93.4141 -95.1923 -96.9883 -98.7655 -100.572 -102.321 -103.093 -104.004 -105.042 -106.103 -107.309 -108.158 -109.056 -111.591 -113.762 -117.396 -121.628 -126.039 -129.439 -133.291 -146.722 -180.588 -245.558 -324.189 -378.388 -347.091 -344.623 -400.813 -510.027 -628.425 -671.081 -623.355 -652.443 -752.743 -865.26 -913.282 -927.09 -934.739 -965.674 -970.503 -1042.22 -1129.29
-182.172 -102.422 -93.9778 -92.4269 -91.0514 -90.526 -91.1153 -92.2399 -93.0129 -93.8352 -95.2544 -96.8313 -98.5684 -99.9374 -101.34 -102.913 -103.713 -103.855 -103.907 -105.085 -106.974 -108.709 -110.454 -112.281 -114.233 -116.938 -118.7 -120.556 -123.849 -131.275 -148.934 -192.92 -257.355 -324.175 -324.058 -332.289 -406.677 -563.264 -633.242 -560.529 -540.609 -575.923 -664.979 -797.516 -903.955 -957.327 -1059.79 -1101.65 -1149.78 -1187.81 -1214.15
-93.7652 -90.8036 -88.8378 -89.4016 -89.7403 -90.1595 -91.143 -92.4949 -92.5433 -92.7096 -94.2663 -95.6391 -97.4384 -98.632 -99.6896 -99.581 -99.3188 -100.609 -101.13 -102.974 -104.525 -106.297 -108.399 -110.18 -111.92 -113.561 -115.34 -117.139 -119.405 -123.878 -132.36 -150.578 -201.451 -271.487 -303.057 -330.19 -411.098 -561.794 -532.293 -476.238 -492.434 -555.732 -677.413 -748.217 -758.479 -812.426 -908.75 -996.442 -1062.12 -1143.19 -1241.42
-91.9957 -88.6223 -87.9722 -88.8104 -89.4692 -89.7873 -90.3889 -91.2944 -91.3294 -91.6294 -93.2601 -95.0373 -95.4128 -96.4131 -97.4768 -97.3651 -96.9916 -97.7992 -99.7547 -101.151 -101.989 -103.343 -104.693 -106.527 -108.343 -110.153 -111.327 -113.117 -115.566 -118.394 -123.917 -134.8 -162.089 -241.336 -296.505 -334.387 -436.912 -507.17 -436.593 -422.948 -452.897 -510.43 -580.256 -654.401 -732.821 -790.681 -855.576 -939.37 -1053.26 -1158.04 -1284.75
-90.9464 -88.5578 -87.0249 -86.9879 -88.8077 -89.9815 -90.0245 -89.9911 -89.9627 -90.5122 -92.0371 -93.1706 -93.1766 -93.7739 -94.5854 -95.2348 -95.241 -96.1468 -97.7921 -99.6237 -101.071 -101.351 -101.918 -103.103 -104.938 -106.387 -107.688 -109.329 -111.7 -113.984 -118.858 -125.765 -144.522 -213.208 -298.096 -356.914 -425.46 -377.941 -365.254 -394.592 -438.732 -502.415 -598.797 -695.527 -788.938 -900.339 -1001.07 -1098.61 -1165.85 -1228.39 -1249.05
-88.1445 -86.4609 -84.7511 -84.0473 -85.3452 -86.6874 -87.9207 -89.7601 -89.9072 -89.8331 -89.9215 -89.9512 -90.8842 -91.5617 -92.0198 -93.1736 -94.0198 -95.0567 -96.5406 -97.1303 -98.1187 -99.0153 -99.086 -100.534 -102.226 -103.162 -104.945 -106.724 -108.842 -111.34 -114.391 -120.195 -129.191 -165.271 -258.634 -345.049 -305.743 -274.703 -308.256 -371.053 -430.008 -500.795 -588.506 -710.317 -845.979 -955.745 -1044.12 -1069.16 -1109.6 -1146.37 -1072.05
-84.6312 -83.6242 -81.4899 -81.5183 -82.1936 -82.6233 -83.504 -84.9715 -86.1712 -87.629 -88.5683 -88.8082 -89.0022 -89.9254 -90.3303 -91.1826 -91.8549 -93.506 -94.4442 -94.8569 -94.889 -95.8205 -96.5822 -97.8302 -99.1203 -99.9566 -101.764 -103.557 -106.411 -109.102 -110.95 -115.483 -122.037 -135.094 -192.648 -286.181 -262.53 -232.36 -273.052 -362.288 -498.592 -627.742 -732.373 -848.587 -877.288 -865.552 -868.433 -985.999 -1063.9 -974.886 -886.231
-80.4879 -80.0078 -77.6584 -78.3138 -79.2454 -79.3995 -79.503 -79.9327 -80.8583 -82.493 -84.3399 -86.1768 -88.4581 -89.0358 -89.5793 -89.5675 -89.5436 -90.3791 -91.4689 -93.0458 -93.7695 -94.0272 -94.6954 -95.1271 -96.515 -97.75 -99.3052 -101.069 -103.205 -105.75 -107.533 -110.809 -117.092 -125.117 -139.53 -183.809 -211.471 -200.152 -250.969 -385.041 -508.138 -575.107 -712.175 -715.02 -652.062 -750.706 -901.108 -951.258 -931.259 -829.35 -713.095
-75.6493 -75.1958 -74.2597 -74.3086 -75.3883 -76.1597 -76.1744 -76.4586 -78.0743 -78.9651 -80.3599 -81.7724 -84.5201 -86.4315 -88.1432 -88.4284 -88.4047 -88.3837 -88.6138 -89.7532 -91.5202 -92.4211 -92.8407 -93.4992 -94.1346 -94.5625 -96.3456 -98.1367 -100.133 -102.245 -103.152 -105.74 -110.493 -115.666 -121.005 -131.017 -146.159 -156.296 -197.993 -274.991 -369.81 -564.917 -554.582 -508.56 -628.021 -776.616 -833.614 -796.418 -757.297 -689.613 -613.448
-68.9402 -69.0695 -69.714 -69.8652 -70.9627 -71.9535 -72.9528 -73.1141 -74.8575 -76.0998 -77.4141 -78.3625 -80.1425 -81.1204 -82.9704 -84.6044 -86.2629 -87.2158 -88.0163 -88.0352 -89.3598 -90.2321 -91.1868 -91.2671 -92.2966 -93.2869 -94.1394 -95.9629 -97.7572 -99.5761 -100.416 -102.366 -105.812 -110.041 -114.548 -119.893 -128.593 -133.466 -150.578 -202.719 -322.977 -384.4 -353.873 -466.236 -603.957 -712.776 -705.957 -648.527 -596.547 -553.565 -534.29
-61.9446 -62.343 -63.5226 -65.1248 -66.2341 -67.5185 -68.5549 -69.6701 -71.4894 -72.5243 -74.0949 -75.0609 -75.872 -77.5124 -79.2739 -81.1942 -83.0258 -84.7626 -86.5762 -87.3983 -88.1874 -88.9951 -89.1066 -90.1098 -90.0638 -91.1632 -92.0662 -93.7459 -95.5154 -97.3495 -98.3665 -99.9107 -102.165 -105.032 -107.821 -112.498 -119.503 -122.472 -125.931 -145.063 -192.365 -217.44 -266.422 -387.327 -582.755 -556.089 -499.693 -460.626 -466.928 -473.126 -516.922
-56.1695 -57.6838 -58.0456 -59.5012 -61.3556 -62.6231 -64.2881 -65.2576 -67.0893 -68.9241 -70.4379 -71.7828 -72.6799 -74.4722 -75.8854 -77.8424 -79.799 -80.7031 -82.28 -84.0247 -85.8162 -87.654 -87.8778 -88.3643 -88.8783 -90.0715 -91.7639 -92.5445 -93.0511 -94.12 -95.9516 -97.7458 -99.5138 -101.679 -104.075 -106.787 -109.483 -114.091 -117.748 -124.308 -132.1 -146.398 -198.1 -327.957 -416.649 -387.621 -319.01 -299.704 -356.445 -443.414 -527.484
-50.4218 -51.7658 -52.9873 -53.872 -55.6388 -57.5633 -59.8555 -61.1783 -62.649 -64.4542 -66.2791 -68.0901 -69.9083 -71.2721 -73.0624 -75.2697 -76.6851 -77.5357 -79.2493 -80.3136 -81.9303 -84.2204 -85.1458 -86.1982 -87.8052 -88.813 -89.9865 -91.4009 -92.9362 -92.9928 -93.9628 -95.7839 -97.4345 -99.0975 -100.789 -101.669 -104.87 -107.526 -110.162 -113.49 -116.846 -123.298 -146.38 -208.096 -245.397 -246.457 -233.785 -245.605 -293.441 -345.923 -431.571
-45.7962 -46.9459 -47.3383 -49.148 -50.8138 -52.8572 -53.7396 -56.466 -58.2641 -61.0324 -62.9302 -64.6508 -66.2247 -67.3101 -69.5267 -71.9706 -73.7102 -75.2492 -76.4103 -77.5355 -78.6251 -79.8174 -81.2705 -83.5998 -85.8765 -86.6206 -87.472 -88.8199 -89.9558 -91.8065 -93.549 -94.3386 -96.1542 -97.733 -99.0595 -99.6289 -100.577 -102.677 -105.534 -107.264 -108.098 -111.362 -116.997 -130.299 -145.252 -145.999 -149.418 -165.287 -202.326 -253.359 -309.988
-41.3659 -42.1134 -43.0722 -43.8913 -46.4659 -48.1699 -49.3105 -52.0624 -53.8599 -55.6521 -58.5051 -60.2825 -62.0941 -63.9167 -65.7299 -67.5223 -69.3477 -71.1724 -72.889 -73.6668 -75.188 -76.372 -78.2211 -80.0236 -81.8319 -83.7639 -86.2282 -87.004 -87.0828 -87.8245 -89.6525 -92.0329 -94.7462 -96.8212 -97.5913 -97.8798 -97.9345 -99.6239 -102.173 -103.994 -106.763 -109.339 -112.654 -115.743 -119.372 -125.914 -131.69 -137.965 -150.45 -186.189 -269.778
-37.5587 -38.339 -40.3733 -41.6949 -43.1992 -44.9921 -46.3784 -48.635 -50.4674 -52.2388 -53.9389 -55.6304 -57.5034 -59.324 -61.3329 -64.0224 -64.9099 -66.7381 -68.5486 -70.309 -72.0952 -73.9796 -74.9652 -75.6954 -77.3833 -79.3662 -82.061 -84.8847 -86.033 -85.9885 -87.1546 -88.1999 -90.0087 -92.715 -94.4903 -95.3603 -96.7917 -97.3738 -98.6292 -100.528 -103.883 -107.735 -110.073 -109.984 -110.862 -113.799 -120.901 -129.069 -143.769 -194.242 -272.378
-35.4443 -36.1561 -37.7624 -38.906 -39.8258 -41.5788 -43.4272 -44.5798 -45.9911 -47.8206 -49.052 -50.4141 -52.2365 -54.0315 -56.2585 -58.7282 -60.51 -62.3367 -64.3863 -66.9809 -68.7569 -70.5591 -71.4853 -73.3735 -74.1666 -75.9459 -77.61 -79.4314 -81.2982 -83.9569 -85.0063 -86.7759 -87.5162 -88.9634 -90.1352 -91.8874 -93.7246 -95.5586 -97.3108 -98.1199 -99.9379 -102.767 -104.251 -104.407 -105.282 -106.948 -109.882 -116.704 -126.755 -149.502 -174.73
-34.3019 -34.7475 -36.2726 -36.3238 -37.9527 -39.1491 -40.7744 -41.4792 -43.3243 -45.1056 -46.7346 -47.6823 -48.8429 -50.6754 -52.5074 -54.316 -56.1121 -57.9266 -60.0976 -62.5747 -64.3466 -66.0177 -66.9379 -69.1743 -71.1233 -72.8458 -74.2136 -75.3818 -77.1996 -78.5901 -80.4798 -83.2246 -85.0613 -86.57 -87.7666 -87.7532 -89.2845 -91.4763 -93.7469 -95.7321 -97.5358 -98.6431 -98.8302 -98.757 -98.7455 -101.252 -103.82 -107.515 -114.017 -122.183 -131.293
-32.9334 -32.8941 -34.4012 -35.0613 -35.9767 -37.1112 -38.5631 -39.2819 -41.129 -42.9329 -43.9266 -45.5225 -47.1744 -48.0984 -48.9169 -49.8775 -51.6952 -52.7425 -54.5806 -57.0021 -59.9763 -61.7704 -63.2995 -64.9984 -66.4914 -68.1696 -70.7889 -72.1873 -73.6693 -75.0589 -76.5156 -78.7335 -80.5834 -83.5066 -84.7502 -86.5571 -87.446 -88.299 -88.6594 -90.2903 -93.0338 -94.9444 -94.8654 -94.3344 -95.3422 -97.1305 -99.3244 -101.488 -105.266 -109.38 -114.79
-31.7295 -31.319 -32.7654 -33.865 -34.7972 -35.8512 -36.8851 -37.055 -38.7475 -39.515 -40.4123 -42.2555 -44.055 -44.9631 -45.9208 -47.4706 -48.3118 -49.1211 -50.8984 -52.6982 -54.6273 -57.341 -59.1507 -60.9504 -63.2125 -65.3828 -67.2085 -69.0064 -70.0188 -71.7994 -73.7192 -76.183 -77.9547 -79.7296 -81.3646 -83.3437 -85.5381 -86.9696 -88.0287 -88.0075 -89.2215 -91.0904 -90.7728 -91.5351 -92.4084 -92.7957 -93.1368 -95.041 -99.341 -103.836 -107.23
-29.5153 -29.4884 -30.2347 -31.2285 -32.1522 -32.6935 -33.067 -33.8329 -34.6511 -35.2359 -36.1123 -37.6698 -39.7 -40.5328 -42.1028 -43.969 -45.0061 -46.6755 -48.6455 -50.5331 -51.2789 -53.0773 -54.7482 -56.4847 -59.2666 -62.1098 -64.03 -65.7732 -67.0078 -68.3016 -70.3387 -73.0127 -75.7239 -77.0422 -78.1348 -79.2213 -81.0589 -83.0327 -85.4979 -87.2014 -88.1214 -89.1259 -89.1634 -90.2788 -90.2397 -90.027 -88.9956 -90.2784 -93.7241 -98.273 -101.058
